{
 "cells": [
  {
   "cell_type": "markdown",
   "metadata": {},
   "source": [
    "Preview data and plot correlation plot for source of PM2.5"
   ]
  },
  {
   "cell_type": "code",
   "execution_count": 1,
   "metadata": {},
   "outputs": [],
   "source": [
    "#Import package\n",
    "import sys\n",
    "import numpy as np\n",
    "import pandas as pd\n",
    "import csv\n",
    "import seaborn as sns\n",
    "import matplotlib.pyplot as plt\n",
    "from pandas import Series"
   ]
  },
  {
   "cell_type": "code",
   "execution_count": 2,
   "metadata": {},
   "outputs": [
    {
     "data": {
      "text/plain": [
       "(4320, 27)"
      ]
     },
     "execution_count": 2,
     "metadata": {},
     "output_type": "execute_result"
    }
   ],
   "source": [
    "train_data = pd.read_csv('train.csv', delimiter= ',', header= 0,encoding = 'big5')\n",
    "train_data.shape\n",
    "#train_data.head()"
   ]
  },
  {
   "cell_type": "markdown",
   "metadata": {},
   "source": [
    "Need to remove the date and measuremental stations to reorganize the data metric"
   ]
  },
  {
   "cell_type": "code",
   "execution_count": 3,
   "metadata": {
    "scrolled": true
   },
   "outputs": [],
   "source": [
    "train_data.drop(train_data.columns[[0, 1]], axis=1, inplace = True)"
   ]
  },
  {
   "cell_type": "code",
   "execution_count": 4,
   "metadata": {
    "scrolled": true
   },
   "outputs": [
    {
     "data": {
      "text/plain": [
       "(4320, 25)"
      ]
     },
     "execution_count": 4,
     "metadata": {},
     "output_type": "execute_result"
    }
   ],
   "source": [
    "train_data.shape"
   ]
  },
  {
   "cell_type": "markdown",
   "metadata": {},
   "source": [
    "Here, we could 18 features/ pollutions source in this data"
   ]
  },
  {
   "cell_type": "code",
   "execution_count": 5,
   "metadata": {},
   "outputs": [
    {
     "data": {
      "text/plain": [
       "18"
      ]
     },
     "execution_count": 5,
     "metadata": {},
     "output_type": "execute_result"
    }
   ],
   "source": [
    "feature =train_data['測項'].unique()\n",
    "len(feature)"
   ]
  },
  {
   "cell_type": "markdown",
   "metadata": {},
   "source": [
    "Combine 12 month* 20 day* 24 hour = 5760 data into array(5760,1)"
   ]
  },
  {
   "cell_type": "code",
   "execution_count": 6,
   "metadata": {},
   "outputs": [],
   "source": [
    "train_data1 = train_data[train_data['測項'] == 'AMB_TEMP']\n",
    "train_data1.head()\n",
    "train_data1 = train_data1.drop(['測項'], axis=1)"
   ]
  },
  {
   "cell_type": "code",
   "execution_count": 7,
   "metadata": {},
   "outputs": [
    {
     "data": {
      "text/html": [
       "<div>\n",
       "<style scoped>\n",
       "    .dataframe tbody tr th:only-of-type {\n",
       "        vertical-align: middle;\n",
       "    }\n",
       "\n",
       "    .dataframe tbody tr th {\n",
       "        vertical-align: top;\n",
       "    }\n",
       "\n",
       "    .dataframe thead th {\n",
       "        text-align: right;\n",
       "    }\n",
       "</style>\n",
       "<table border=\"1\" class=\"dataframe\">\n",
       "  <thead>\n",
       "    <tr style=\"text-align: right;\">\n",
       "      <th></th>\n",
       "      <th>0</th>\n",
       "      <th>1</th>\n",
       "      <th>2</th>\n",
       "      <th>3</th>\n",
       "      <th>4</th>\n",
       "      <th>5</th>\n",
       "      <th>6</th>\n",
       "      <th>7</th>\n",
       "      <th>8</th>\n",
       "      <th>9</th>\n",
       "      <th>...</th>\n",
       "      <th>14</th>\n",
       "      <th>15</th>\n",
       "      <th>16</th>\n",
       "      <th>17</th>\n",
       "      <th>18</th>\n",
       "      <th>19</th>\n",
       "      <th>20</th>\n",
       "      <th>21</th>\n",
       "      <th>22</th>\n",
       "      <th>23</th>\n",
       "    </tr>\n",
       "  </thead>\n",
       "  <tbody>\n",
       "    <tr>\n",
       "      <th>0</th>\n",
       "      <td>14</td>\n",
       "      <td>14</td>\n",
       "      <td>14</td>\n",
       "      <td>13</td>\n",
       "      <td>12</td>\n",
       "      <td>12</td>\n",
       "      <td>12</td>\n",
       "      <td>12</td>\n",
       "      <td>15</td>\n",
       "      <td>17</td>\n",
       "      <td>...</td>\n",
       "      <td>22</td>\n",
       "      <td>22</td>\n",
       "      <td>21</td>\n",
       "      <td>19</td>\n",
       "      <td>17</td>\n",
       "      <td>16</td>\n",
       "      <td>15</td>\n",
       "      <td>15</td>\n",
       "      <td>15</td>\n",
       "      <td>15</td>\n",
       "    </tr>\n",
       "    <tr>\n",
       "      <th>18</th>\n",
       "      <td>16</td>\n",
       "      <td>15</td>\n",
       "      <td>15</td>\n",
       "      <td>14</td>\n",
       "      <td>14</td>\n",
       "      <td>15</td>\n",
       "      <td>16</td>\n",
       "      <td>16</td>\n",
       "      <td>17</td>\n",
       "      <td>20</td>\n",
       "      <td>...</td>\n",
       "      <td>24</td>\n",
       "      <td>24</td>\n",
       "      <td>23</td>\n",
       "      <td>21</td>\n",
       "      <td>20</td>\n",
       "      <td>19</td>\n",
       "      <td>18</td>\n",
       "      <td>18</td>\n",
       "      <td>18</td>\n",
       "      <td>18</td>\n",
       "    </tr>\n",
       "    <tr>\n",
       "      <th>36</th>\n",
       "      <td>18</td>\n",
       "      <td>18</td>\n",
       "      <td>18</td>\n",
       "      <td>18</td>\n",
       "      <td>18</td>\n",
       "      <td>18</td>\n",
       "      <td>18</td>\n",
       "      <td>19</td>\n",
       "      <td>19</td>\n",
       "      <td>20</td>\n",
       "      <td>...</td>\n",
       "      <td>24</td>\n",
       "      <td>22</td>\n",
       "      <td>22</td>\n",
       "      <td>21</td>\n",
       "      <td>20</td>\n",
       "      <td>20</td>\n",
       "      <td>20</td>\n",
       "      <td>20</td>\n",
       "      <td>20</td>\n",
       "      <td>19</td>\n",
       "    </tr>\n",
       "    <tr>\n",
       "      <th>54</th>\n",
       "      <td>19</td>\n",
       "      <td>18</td>\n",
       "      <td>18</td>\n",
       "      <td>17</td>\n",
       "      <td>17</td>\n",
       "      <td>16</td>\n",
       "      <td>17</td>\n",
       "      <td>17</td>\n",
       "      <td>18</td>\n",
       "      <td>18</td>\n",
       "      <td>...</td>\n",
       "      <td>19</td>\n",
       "      <td>18</td>\n",
       "      <td>18</td>\n",
       "      <td>16</td>\n",
       "      <td>16</td>\n",
       "      <td>15</td>\n",
       "      <td>15</td>\n",
       "      <td>15</td>\n",
       "      <td>14</td>\n",
       "      <td>13</td>\n",
       "    </tr>\n",
       "    <tr>\n",
       "      <th>72</th>\n",
       "      <td>13</td>\n",
       "      <td>12</td>\n",
       "      <td>13</td>\n",
       "      <td>12</td>\n",
       "      <td>12</td>\n",
       "      <td>12</td>\n",
       "      <td>12</td>\n",
       "      <td>13</td>\n",
       "      <td>14</td>\n",
       "      <td>16</td>\n",
       "      <td>...</td>\n",
       "      <td>21</td>\n",
       "      <td>20</td>\n",
       "      <td>19</td>\n",
       "      <td>17</td>\n",
       "      <td>16</td>\n",
       "      <td>16</td>\n",
       "      <td>15</td>\n",
       "      <td>14</td>\n",
       "      <td>14</td>\n",
       "      <td>13</td>\n",
       "    </tr>\n",
       "  </tbody>\n",
       "</table>\n",
       "<p>5 rows × 24 columns</p>\n",
       "</div>"
      ],
      "text/plain": [
       "     0   1   2   3   4   5   6   7   8   9 ...  14  15  16  17  18  19  20  \\\n",
       "0   14  14  14  13  12  12  12  12  15  17 ...  22  22  21  19  17  16  15   \n",
       "18  16  15  15  14  14  15  16  16  17  20 ...  24  24  23  21  20  19  18   \n",
       "36  18  18  18  18  18  18  18  19  19  20 ...  24  22  22  21  20  20  20   \n",
       "54  19  18  18  17  17  16  17  17  18  18 ...  19  18  18  16  16  15  15   \n",
       "72  13  12  13  12  12  12  12  13  14  16 ...  21  20  19  17  16  16  15   \n",
       "\n",
       "    21  22  23  \n",
       "0   15  15  15  \n",
       "18  18  18  18  \n",
       "36  20  20  19  \n",
       "54  15  14  13  \n",
       "72  14  14  13  \n",
       "\n",
       "[5 rows x 24 columns]"
      ]
     },
     "execution_count": 7,
     "metadata": {},
     "output_type": "execute_result"
    }
   ],
   "source": [
    "train_data1.head()"
   ]
  },
  {
   "cell_type": "code",
   "execution_count": 8,
   "metadata": {},
   "outputs": [
    {
     "data": {
      "text/plain": [
       "array([14., 14., 14., ..., 13., 13., 13.])"
      ]
     },
     "execution_count": 8,
     "metadata": {},
     "output_type": "execute_result"
    }
   ],
   "source": [
    "train_data1 = np.array(train_data1).astype(float).reshape(5760,)\n",
    "train_data1"
   ]
  },
  {
   "cell_type": "markdown",
   "metadata": {},
   "source": [
    "recreate train_metric (18, 5760) and replace nan with zero"
   ]
  },
  {
   "cell_type": "code",
   "execution_count": 9,
   "metadata": {},
   "outputs": [],
   "source": [
    "Re_train_data =pd.DataFrame(np.zeros([480*12, len(feature)]), columns = feature)"
   ]
  },
  {
   "cell_type": "code",
   "execution_count": 10,
   "metadata": {},
   "outputs": [],
   "source": [
    "for i in feature:\n",
    "    train_data1 = train_data[train_data['測項'] == i]\n",
    "    # Be careful with the inplace, as it destroys any data that is dropped!\n",
    "    train_data1 = train_data1.drop(['測項'], axis=1)\n",
    "    train_data1 = np.array(train_data1)\n",
    "    train_data1[train_data1 == 'NR'] = '0'\n",
    "    train_data1 = train_data1.astype(float)\n",
    "    train_data1 = train_data1.reshape(5760,) # 24*240=5760\n",
    "    train_data1 = train_data1.T\n",
    "    Re_train_data[i] = train_data1"
   ]
  },
  {
   "cell_type": "markdown",
   "metadata": {},
   "source": [
    "Calculate the correlation between all features"
   ]
  },
  {
   "cell_type": "code",
   "execution_count": 11,
   "metadata": {},
   "outputs": [
    {
     "data": {
      "text/html": [
       "<div>\n",
       "<style scoped>\n",
       "    .dataframe tbody tr th:only-of-type {\n",
       "        vertical-align: middle;\n",
       "    }\n",
       "\n",
       "    .dataframe tbody tr th {\n",
       "        vertical-align: top;\n",
       "    }\n",
       "\n",
       "    .dataframe thead th {\n",
       "        text-align: right;\n",
       "    }\n",
       "</style>\n",
       "<table border=\"1\" class=\"dataframe\">\n",
       "  <thead>\n",
       "    <tr style=\"text-align: right;\">\n",
       "      <th></th>\n",
       "      <th>AMB_TEMP</th>\n",
       "      <th>CH4</th>\n",
       "      <th>CO</th>\n",
       "      <th>NMHC</th>\n",
       "      <th>NO</th>\n",
       "      <th>NO2</th>\n",
       "      <th>NOx</th>\n",
       "      <th>O3</th>\n",
       "      <th>PM10</th>\n",
       "      <th>PM2.5</th>\n",
       "      <th>RAINFALL</th>\n",
       "      <th>RH</th>\n",
       "      <th>SO2</th>\n",
       "      <th>THC</th>\n",
       "      <th>WD_HR</th>\n",
       "      <th>WIND_DIREC</th>\n",
       "      <th>WIND_SPEED</th>\n",
       "      <th>WS_HR</th>\n",
       "    </tr>\n",
       "  </thead>\n",
       "  <tbody>\n",
       "    <tr>\n",
       "      <th>AMB_TEMP</th>\n",
       "      <td>1.000000</td>\n",
       "      <td>-0.409298</td>\n",
       "      <td>-0.002863</td>\n",
       "      <td>0.082424</td>\n",
       "      <td>-0.023659</td>\n",
       "      <td>-0.129846</td>\n",
       "      <td>-0.113840</td>\n",
       "      <td>0.224788</td>\n",
       "      <td>0.084691</td>\n",
       "      <td>-0.017127</td>\n",
       "      <td>0.004003</td>\n",
       "      <td>-0.225710</td>\n",
       "      <td>0.287746</td>\n",
       "      <td>-0.223133</td>\n",
       "      <td>0.360292</td>\n",
       "      <td>0.339646</td>\n",
       "      <td>0.280409</td>\n",
       "      <td>0.369668</td>\n",
       "    </tr>\n",
       "    <tr>\n",
       "      <th>CH4</th>\n",
       "      <td>-0.409298</td>\n",
       "      <td>1.000000</td>\n",
       "      <td>0.126959</td>\n",
       "      <td>0.196183</td>\n",
       "      <td>0.101720</td>\n",
       "      <td>0.298684</td>\n",
       "      <td>0.274580</td>\n",
       "      <td>0.014692</td>\n",
       "      <td>0.220376</td>\n",
       "      <td>0.254657</td>\n",
       "      <td>-0.033348</td>\n",
       "      <td>-0.001729</td>\n",
       "      <td>0.021025</td>\n",
       "      <td>0.776974</td>\n",
       "      <td>-0.068098</td>\n",
       "      <td>-0.081634</td>\n",
       "      <td>-0.221642</td>\n",
       "      <td>-0.258649</td>\n",
       "    </tr>\n",
       "    <tr>\n",
       "      <th>CO</th>\n",
       "      <td>-0.002863</td>\n",
       "      <td>0.126959</td>\n",
       "      <td>1.000000</td>\n",
       "      <td>0.459006</td>\n",
       "      <td>0.256951</td>\n",
       "      <td>0.401150</td>\n",
       "      <td>0.405052</td>\n",
       "      <td>0.077529</td>\n",
       "      <td>0.274418</td>\n",
       "      <td>0.283119</td>\n",
       "      <td>-0.018305</td>\n",
       "      <td>-0.089177</td>\n",
       "      <td>0.364416</td>\n",
       "      <td>0.349852</td>\n",
       "      <td>0.079935</td>\n",
       "      <td>0.081239</td>\n",
       "      <td>0.004908</td>\n",
       "      <td>0.044476</td>\n",
       "    </tr>\n",
       "    <tr>\n",
       "      <th>NMHC</th>\n",
       "      <td>0.082424</td>\n",
       "      <td>0.196183</td>\n",
       "      <td>0.459006</td>\n",
       "      <td>1.000000</td>\n",
       "      <td>0.445830</td>\n",
       "      <td>0.673149</td>\n",
       "      <td>0.683953</td>\n",
       "      <td>-0.046030</td>\n",
       "      <td>0.336524</td>\n",
       "      <td>0.291778</td>\n",
       "      <td>-0.009749</td>\n",
       "      <td>-0.056915</td>\n",
       "      <td>0.321194</td>\n",
       "      <td>0.709745</td>\n",
       "      <td>0.189240</td>\n",
       "      <td>0.174706</td>\n",
       "      <td>-0.064140</td>\n",
       "      <td>-0.023633</td>\n",
       "    </tr>\n",
       "    <tr>\n",
       "      <th>NO</th>\n",
       "      <td>-0.023659</td>\n",
       "      <td>0.101720</td>\n",
       "      <td>0.256951</td>\n",
       "      <td>0.445830</td>\n",
       "      <td>1.000000</td>\n",
       "      <td>0.491352</td>\n",
       "      <td>0.703006</td>\n",
       "      <td>-0.232499</td>\n",
       "      <td>0.048311</td>\n",
       "      <td>0.029970</td>\n",
       "      <td>0.014075</td>\n",
       "      <td>0.012208</td>\n",
       "      <td>0.256549</td>\n",
       "      <td>0.324725</td>\n",
       "      <td>0.151808</td>\n",
       "      <td>0.142942</td>\n",
       "      <td>-0.074728</td>\n",
       "      <td>-0.074452</td>\n",
       "    </tr>\n",
       "    <tr>\n",
       "      <th>NO2</th>\n",
       "      <td>-0.129846</td>\n",
       "      <td>0.298684</td>\n",
       "      <td>0.401150</td>\n",
       "      <td>0.673149</td>\n",
       "      <td>0.491352</td>\n",
       "      <td>1.000000</td>\n",
       "      <td>0.963312</td>\n",
       "      <td>-0.101601</td>\n",
       "      <td>0.464207</td>\n",
       "      <td>0.449113</td>\n",
       "      <td>-0.021160</td>\n",
       "      <td>-0.000337</td>\n",
       "      <td>0.427541</td>\n",
       "      <td>0.591057</td>\n",
       "      <td>0.218270</td>\n",
       "      <td>0.187914</td>\n",
       "      <td>-0.289601</td>\n",
       "      <td>-0.261985</td>\n",
       "    </tr>\n",
       "    <tr>\n",
       "      <th>NOx</th>\n",
       "      <td>-0.113840</td>\n",
       "      <td>0.274580</td>\n",
       "      <td>0.405052</td>\n",
       "      <td>0.683953</td>\n",
       "      <td>0.703006</td>\n",
       "      <td>0.963312</td>\n",
       "      <td>1.000000</td>\n",
       "      <td>-0.152602</td>\n",
       "      <td>0.393517</td>\n",
       "      <td>0.375564</td>\n",
       "      <td>-0.011963</td>\n",
       "      <td>0.003386</td>\n",
       "      <td>0.426321</td>\n",
       "      <td>0.580241</td>\n",
       "      <td>0.224233</td>\n",
       "      <td>0.197045</td>\n",
       "      <td>-0.259386</td>\n",
       "      <td>-0.237106</td>\n",
       "    </tr>\n",
       "    <tr>\n",
       "      <th>O3</th>\n",
       "      <td>0.224788</td>\n",
       "      <td>0.014692</td>\n",
       "      <td>0.077529</td>\n",
       "      <td>-0.046030</td>\n",
       "      <td>-0.232499</td>\n",
       "      <td>-0.101601</td>\n",
       "      <td>-0.152602</td>\n",
       "      <td>1.000000</td>\n",
       "      <td>0.370415</td>\n",
       "      <td>0.356670</td>\n",
       "      <td>-0.032591</td>\n",
       "      <td>-0.670286</td>\n",
       "      <td>0.180083</td>\n",
       "      <td>-0.008989</td>\n",
       "      <td>0.277488</td>\n",
       "      <td>0.271440</td>\n",
       "      <td>0.300232</td>\n",
       "      <td>0.171200</td>\n",
       "    </tr>\n",
       "    <tr>\n",
       "      <th>PM10</th>\n",
       "      <td>0.084691</td>\n",
       "      <td>0.220376</td>\n",
       "      <td>0.274418</td>\n",
       "      <td>0.336524</td>\n",
       "      <td>0.048311</td>\n",
       "      <td>0.464207</td>\n",
       "      <td>0.393517</td>\n",
       "      <td>0.370415</td>\n",
       "      <td>1.000000</td>\n",
       "      <td>0.776426</td>\n",
       "      <td>-0.046015</td>\n",
       "      <td>-0.310882</td>\n",
       "      <td>0.401285</td>\n",
       "      <td>0.356804</td>\n",
       "      <td>0.228486</td>\n",
       "      <td>0.190368</td>\n",
       "      <td>-0.016560</td>\n",
       "      <td>0.006748</td>\n",
       "    </tr>\n",
       "    <tr>\n",
       "      <th>PM2.5</th>\n",
       "      <td>-0.017127</td>\n",
       "      <td>0.254657</td>\n",
       "      <td>0.283119</td>\n",
       "      <td>0.291778</td>\n",
       "      <td>0.029970</td>\n",
       "      <td>0.449113</td>\n",
       "      <td>0.375564</td>\n",
       "      <td>0.356670</td>\n",
       "      <td>0.776426</td>\n",
       "      <td>1.000000</td>\n",
       "      <td>-0.062654</td>\n",
       "      <td>-0.264196</td>\n",
       "      <td>0.370831</td>\n",
       "      <td>0.352159</td>\n",
       "      <td>0.186138</td>\n",
       "      <td>0.156990</td>\n",
       "      <td>-0.084703</td>\n",
       "      <td>-0.045458</td>\n",
       "    </tr>\n",
       "    <tr>\n",
       "      <th>RAINFALL</th>\n",
       "      <td>0.004003</td>\n",
       "      <td>-0.033348</td>\n",
       "      <td>-0.018305</td>\n",
       "      <td>-0.009749</td>\n",
       "      <td>0.014075</td>\n",
       "      <td>-0.021160</td>\n",
       "      <td>-0.011963</td>\n",
       "      <td>-0.032591</td>\n",
       "      <td>-0.046015</td>\n",
       "      <td>-0.062654</td>\n",
       "      <td>1.000000</td>\n",
       "      <td>0.116175</td>\n",
       "      <td>-0.003423</td>\n",
       "      <td>-0.032037</td>\n",
       "      <td>0.000639</td>\n",
       "      <td>-0.012568</td>\n",
       "      <td>0.026886</td>\n",
       "      <td>0.034105</td>\n",
       "    </tr>\n",
       "    <tr>\n",
       "      <th>RH</th>\n",
       "      <td>-0.225710</td>\n",
       "      <td>-0.001729</td>\n",
       "      <td>-0.089177</td>\n",
       "      <td>-0.056915</td>\n",
       "      <td>0.012208</td>\n",
       "      <td>-0.000337</td>\n",
       "      <td>0.003386</td>\n",
       "      <td>-0.670286</td>\n",
       "      <td>-0.310882</td>\n",
       "      <td>-0.264196</td>\n",
       "      <td>0.116175</td>\n",
       "      <td>1.000000</td>\n",
       "      <td>-0.226857</td>\n",
       "      <td>-0.044178</td>\n",
       "      <td>-0.244228</td>\n",
       "      <td>-0.246422</td>\n",
       "      <td>-0.314415</td>\n",
       "      <td>-0.178935</td>\n",
       "    </tr>\n",
       "    <tr>\n",
       "      <th>SO2</th>\n",
       "      <td>0.287746</td>\n",
       "      <td>0.021025</td>\n",
       "      <td>0.364416</td>\n",
       "      <td>0.321194</td>\n",
       "      <td>0.256549</td>\n",
       "      <td>0.427541</td>\n",
       "      <td>0.426321</td>\n",
       "      <td>0.180083</td>\n",
       "      <td>0.401285</td>\n",
       "      <td>0.370831</td>\n",
       "      <td>-0.003423</td>\n",
       "      <td>-0.226857</td>\n",
       "      <td>1.000000</td>\n",
       "      <td>0.204535</td>\n",
       "      <td>0.397040</td>\n",
       "      <td>0.339497</td>\n",
       "      <td>0.080510</td>\n",
       "      <td>0.187622</td>\n",
       "    </tr>\n",
       "    <tr>\n",
       "      <th>THC</th>\n",
       "      <td>-0.223133</td>\n",
       "      <td>0.776974</td>\n",
       "      <td>0.349852</td>\n",
       "      <td>0.709745</td>\n",
       "      <td>0.324725</td>\n",
       "      <td>0.591057</td>\n",
       "      <td>0.580241</td>\n",
       "      <td>-0.008989</td>\n",
       "      <td>0.356804</td>\n",
       "      <td>0.352159</td>\n",
       "      <td>-0.032037</td>\n",
       "      <td>-0.044178</td>\n",
       "      <td>0.204535</td>\n",
       "      <td>1.000000</td>\n",
       "      <td>0.072895</td>\n",
       "      <td>0.055840</td>\n",
       "      <td>-0.191663</td>\n",
       "      <td>-0.186785</td>\n",
       "    </tr>\n",
       "    <tr>\n",
       "      <th>WD_HR</th>\n",
       "      <td>0.360292</td>\n",
       "      <td>-0.068098</td>\n",
       "      <td>0.079935</td>\n",
       "      <td>0.189240</td>\n",
       "      <td>0.151808</td>\n",
       "      <td>0.218270</td>\n",
       "      <td>0.224233</td>\n",
       "      <td>0.277488</td>\n",
       "      <td>0.228486</td>\n",
       "      <td>0.186138</td>\n",
       "      <td>0.000639</td>\n",
       "      <td>-0.244228</td>\n",
       "      <td>0.397040</td>\n",
       "      <td>0.072895</td>\n",
       "      <td>1.000000</td>\n",
       "      <td>0.706826</td>\n",
       "      <td>0.171836</td>\n",
       "      <td>0.188249</td>\n",
       "    </tr>\n",
       "    <tr>\n",
       "      <th>WIND_DIREC</th>\n",
       "      <td>0.339646</td>\n",
       "      <td>-0.081634</td>\n",
       "      <td>0.081239</td>\n",
       "      <td>0.174706</td>\n",
       "      <td>0.142942</td>\n",
       "      <td>0.187914</td>\n",
       "      <td>0.197045</td>\n",
       "      <td>0.271440</td>\n",
       "      <td>0.190368</td>\n",
       "      <td>0.156990</td>\n",
       "      <td>-0.012568</td>\n",
       "      <td>-0.246422</td>\n",
       "      <td>0.339497</td>\n",
       "      <td>0.055840</td>\n",
       "      <td>0.706826</td>\n",
       "      <td>1.000000</td>\n",
       "      <td>0.189689</td>\n",
       "      <td>0.163281</td>\n",
       "    </tr>\n",
       "    <tr>\n",
       "      <th>WIND_SPEED</th>\n",
       "      <td>0.280409</td>\n",
       "      <td>-0.221642</td>\n",
       "      <td>0.004908</td>\n",
       "      <td>-0.064140</td>\n",
       "      <td>-0.074728</td>\n",
       "      <td>-0.289601</td>\n",
       "      <td>-0.259386</td>\n",
       "      <td>0.300232</td>\n",
       "      <td>-0.016560</td>\n",
       "      <td>-0.084703</td>\n",
       "      <td>0.026886</td>\n",
       "      <td>-0.314415</td>\n",
       "      <td>0.080510</td>\n",
       "      <td>-0.191663</td>\n",
       "      <td>0.171836</td>\n",
       "      <td>0.189689</td>\n",
       "      <td>1.000000</td>\n",
       "      <td>0.768203</td>\n",
       "    </tr>\n",
       "    <tr>\n",
       "      <th>WS_HR</th>\n",
       "      <td>0.369668</td>\n",
       "      <td>-0.258649</td>\n",
       "      <td>0.044476</td>\n",
       "      <td>-0.023633</td>\n",
       "      <td>-0.074452</td>\n",
       "      <td>-0.261985</td>\n",
       "      <td>-0.237106</td>\n",
       "      <td>0.171200</td>\n",
       "      <td>0.006748</td>\n",
       "      <td>-0.045458</td>\n",
       "      <td>0.034105</td>\n",
       "      <td>-0.178935</td>\n",
       "      <td>0.187622</td>\n",
       "      <td>-0.186785</td>\n",
       "      <td>0.188249</td>\n",
       "      <td>0.163281</td>\n",
       "      <td>0.768203</td>\n",
       "      <td>1.000000</td>\n",
       "    </tr>\n",
       "  </tbody>\n",
       "</table>\n",
       "</div>"
      ],
      "text/plain": [
       "            AMB_TEMP       CH4        CO      NMHC        NO       NO2  \\\n",
       "AMB_TEMP    1.000000 -0.409298 -0.002863  0.082424 -0.023659 -0.129846   \n",
       "CH4        -0.409298  1.000000  0.126959  0.196183  0.101720  0.298684   \n",
       "CO         -0.002863  0.126959  1.000000  0.459006  0.256951  0.401150   \n",
       "NMHC        0.082424  0.196183  0.459006  1.000000  0.445830  0.673149   \n",
       "NO         -0.023659  0.101720  0.256951  0.445830  1.000000  0.491352   \n",
       "NO2        -0.129846  0.298684  0.401150  0.673149  0.491352  1.000000   \n",
       "NOx        -0.113840  0.274580  0.405052  0.683953  0.703006  0.963312   \n",
       "O3          0.224788  0.014692  0.077529 -0.046030 -0.232499 -0.101601   \n",
       "PM10        0.084691  0.220376  0.274418  0.336524  0.048311  0.464207   \n",
       "PM2.5      -0.017127  0.254657  0.283119  0.291778  0.029970  0.449113   \n",
       "RAINFALL    0.004003 -0.033348 -0.018305 -0.009749  0.014075 -0.021160   \n",
       "RH         -0.225710 -0.001729 -0.089177 -0.056915  0.012208 -0.000337   \n",
       "SO2         0.287746  0.021025  0.364416  0.321194  0.256549  0.427541   \n",
       "THC        -0.223133  0.776974  0.349852  0.709745  0.324725  0.591057   \n",
       "WD_HR       0.360292 -0.068098  0.079935  0.189240  0.151808  0.218270   \n",
       "WIND_DIREC  0.339646 -0.081634  0.081239  0.174706  0.142942  0.187914   \n",
       "WIND_SPEED  0.280409 -0.221642  0.004908 -0.064140 -0.074728 -0.289601   \n",
       "WS_HR       0.369668 -0.258649  0.044476 -0.023633 -0.074452 -0.261985   \n",
       "\n",
       "                 NOx        O3      PM10     PM2.5  RAINFALL        RH  \\\n",
       "AMB_TEMP   -0.113840  0.224788  0.084691 -0.017127  0.004003 -0.225710   \n",
       "CH4         0.274580  0.014692  0.220376  0.254657 -0.033348 -0.001729   \n",
       "CO          0.405052  0.077529  0.274418  0.283119 -0.018305 -0.089177   \n",
       "NMHC        0.683953 -0.046030  0.336524  0.291778 -0.009749 -0.056915   \n",
       "NO          0.703006 -0.232499  0.048311  0.029970  0.014075  0.012208   \n",
       "NO2         0.963312 -0.101601  0.464207  0.449113 -0.021160 -0.000337   \n",
       "NOx         1.000000 -0.152602  0.393517  0.375564 -0.011963  0.003386   \n",
       "O3         -0.152602  1.000000  0.370415  0.356670 -0.032591 -0.670286   \n",
       "PM10        0.393517  0.370415  1.000000  0.776426 -0.046015 -0.310882   \n",
       "PM2.5       0.375564  0.356670  0.776426  1.000000 -0.062654 -0.264196   \n",
       "RAINFALL   -0.011963 -0.032591 -0.046015 -0.062654  1.000000  0.116175   \n",
       "RH          0.003386 -0.670286 -0.310882 -0.264196  0.116175  1.000000   \n",
       "SO2         0.426321  0.180083  0.401285  0.370831 -0.003423 -0.226857   \n",
       "THC         0.580241 -0.008989  0.356804  0.352159 -0.032037 -0.044178   \n",
       "WD_HR       0.224233  0.277488  0.228486  0.186138  0.000639 -0.244228   \n",
       "WIND_DIREC  0.197045  0.271440  0.190368  0.156990 -0.012568 -0.246422   \n",
       "WIND_SPEED -0.259386  0.300232 -0.016560 -0.084703  0.026886 -0.314415   \n",
       "WS_HR      -0.237106  0.171200  0.006748 -0.045458  0.034105 -0.178935   \n",
       "\n",
       "                 SO2       THC     WD_HR  WIND_DIREC  WIND_SPEED     WS_HR  \n",
       "AMB_TEMP    0.287746 -0.223133  0.360292    0.339646    0.280409  0.369668  \n",
       "CH4         0.021025  0.776974 -0.068098   -0.081634   -0.221642 -0.258649  \n",
       "CO          0.364416  0.349852  0.079935    0.081239    0.004908  0.044476  \n",
       "NMHC        0.321194  0.709745  0.189240    0.174706   -0.064140 -0.023633  \n",
       "NO          0.256549  0.324725  0.151808    0.142942   -0.074728 -0.074452  \n",
       "NO2         0.427541  0.591057  0.218270    0.187914   -0.289601 -0.261985  \n",
       "NOx         0.426321  0.580241  0.224233    0.197045   -0.259386 -0.237106  \n",
       "O3          0.180083 -0.008989  0.277488    0.271440    0.300232  0.171200  \n",
       "PM10        0.401285  0.356804  0.228486    0.190368   -0.016560  0.006748  \n",
       "PM2.5       0.370831  0.352159  0.186138    0.156990   -0.084703 -0.045458  \n",
       "RAINFALL   -0.003423 -0.032037  0.000639   -0.012568    0.026886  0.034105  \n",
       "RH         -0.226857 -0.044178 -0.244228   -0.246422   -0.314415 -0.178935  \n",
       "SO2         1.000000  0.204535  0.397040    0.339497    0.080510  0.187622  \n",
       "THC         0.204535  1.000000  0.072895    0.055840   -0.191663 -0.186785  \n",
       "WD_HR       0.397040  0.072895  1.000000    0.706826    0.171836  0.188249  \n",
       "WIND_DIREC  0.339497  0.055840  0.706826    1.000000    0.189689  0.163281  \n",
       "WIND_SPEED  0.080510 -0.191663  0.171836    0.189689    1.000000  0.768203  \n",
       "WS_HR       0.187622 -0.186785  0.188249    0.163281    0.768203  1.000000  "
      ]
     },
     "execution_count": 11,
     "metadata": {},
     "output_type": "execute_result"
    }
   ],
   "source": [
    "corr = Re_train_data.corr()\n",
    "corr"
   ]
  },
  {
   "cell_type": "code",
   "execution_count": 12,
   "metadata": {},
   "outputs": [
    {
     "data": {
      "text/plain": [
       "<matplotlib.axes._subplots.AxesSubplot at 0x1ac47948470>"
      ]
     },
     "execution_count": 12,
     "metadata": {},
     "output_type": "execute_result"
    },
    {
     "data": {
